10 1e-06 
1 0.33333 0.25 0.2 0.16667 0.14286 0.125 0.11111 0.1 0.090909 
0.33333 1 0.2 0.16667 0.14286 0.125 0.11111 0.1 0.090909 0.083333 
0.25 0.2 1 0.14286 0.125 0.11111 0.1 0.090909 0.083333 0.076923 
0.2 0.16667 0.14286 1 0.11111 0.1 0.090909 0.083333 0.076923 0.071429 
0.16667 0.14286 0.125 0.11111 1 0.090909 0.083333 0.076923 0.071429 0.066667 
0.14286 0.125 0.11111 0.1 0.090909 1 0.076923 0.071429 0.066667 0.0625 
0.125 0.11111 0.1 0.090909 0.083333 0.076923 1 0.066667 0.0625 0.058824 
0.11111 0.1 0.090909 0.083333 0.076923 0.071429 0.066667 1 0.058824 0.055556 
0.1 0.090909 0.083333 0.076923 0.071429 0.066667 0.0625 0.058824 1 0.052632 
0.090909 0.083333 0.076923 0.071429 0.066667 0.0625 0.058824 0.055556 0.052632 1 
1 0.5 0.33333 0.25 0.2 0.16667 0.14286 0.125 0.11111 0.1 